% Model:              SE EVEN.mph
% Version:            COMSOL 5.4.0.388
% Date:               Mar 12 2025, 18:54
% Dimension:          1
% Nodes:              2135
% Expressions:        1
% Description:        Global
% X                       Height
0                         3.304994133497862
0.05                      3.2760052246888374
0.1                       3.225318322169807
0.15000000000000002       3.1721181702382584
0.2                       3.1171121574733736
0.25                      3.060567907314141
0.30000000000000004       3.0026850725277554
0.35000000000000003       2.9436553959750618
0.4                       2.883678726184352
0.45                      2.8229685392622557
0.5                       2.761754170759261
0.55                      1.6247653924848564
0.6000000000000001        1.7724674176708788
0.65                      1.9201684057598056
0.7000000000000001        2.0678682625190574
0.75                      2.2155668902371954
0.8                       2.3632641855282404
0.8500000000000001        2.3458282785956617
0.9                       2.2909674687647223
0.9500000000000001        2.2384463619061408
1                         2.1902549373737483
1.05                      2.234813168648328
1.1                       2.2823311182584414
1.1500000000000001        2.3293440974415742
1.2000000000000002        2.3758103393954717
1.25                      2.4217090846113094
1.3                       2.467023136094728
1.35                      2.5117364390424464
1.4000000000000001        2.555833505297483
1.4500000000000002        2.5992992399960184
1.5                       2.642118879955952
1.55                      2.6425224942475247
1.6                       2.6249258476130706
1.6500000000000001        2.6096233924133694
1.7000000000000002        2.596002852883417
1.75                      2.5844217130983846
1.8                       2.5749074981473155
1.85                      2.5674831919614225
1.9000000000000001        2.562166966760334
1.9500000000000002        2.558971964367065
2                         2.557906135421475
2.0500000000000003        2.430388049379656
2.1                       2.302479418961637
2.15                      2.1787793722761184
2.2                       2.2619053457617913
2.25                      2.343437329567264
2.3000000000000003        2.4232942374626862
2.35                      2.5013963988146966
2.4000000000000004        2.5776661386962236
2.45                      2.652028467055425
2.5                       2.7244118013880203
2.5500000000000003        2.7947486707174063
2.6                       2.8629763362316387
2.6500000000000004        2.929037223913065
2.7                       2.9928789653711343
2.75                      3.0544535708433997
2.8000000000000003        3.1137143826436664
2.85                      3.170605975239758
2.9000000000000004        3.225023010814179
2.95                      3.276515591660539
3                         3.3049941334979325
0                         3.3050526798497435
0.05                      3.2773213397730223
0.1                       3.2264775202778564
0.15000000000000002       3.173497595586822
0.2                       3.118792737054922
0.25                      3.0625535295844113
0.30000000000000004       3.0049551662354106
0.35000000000000003       2.946181622421106
0.4                       2.8864312799524248
0.45                      2.825918755984553
0.5                       2.764875630898529
0.55                      2.7002818243673556
0.6000000000000001        2.6388150683016827
0.65                      2.5776350852183008
0.7000000000000001        2.5170407625481652
0.75                      2.4573486195438323
0.8                       2.3988925087589084
0.8500000000000001        2.510604001968721
0.9                       2.65827659650484
0.9500000000000001        2.805947217610399
1                         2.953075150009826
1.05                      2.917112134036677
1.1                       2.88232840948032
1.1500000000000001        2.8490335265616116
1.2000000000000002        2.8172806156728254
1.25                      2.787122466296808
1.3                       2.758611425416334
1.35                      2.731799094072168
1.4000000000000001        2.70673597720326
1.4500000000000002        2.6834711072204005
1.5                       2.662051649211988
1.55                      2.642851792249399
1.6                       2.6252515806297043
1.6500000000000001        2.6099378670732176
1.7000000000000002        2.596324613379109
1.75                      2.584749690661408
1.8                       2.5752405920146444
1.85                      2.567820274381671
1.9000000000000001        2.5625068884937545
1.9500000000000002        2.5593135605887314
2                         2.558248231920815
2.0500000000000003        2.6858085990024323
2.1                       2.8136942475101887
2.15                      2.941578612974001
2.2                       3.0386246417606837
2.25                      3.046508641767173
2.3000000000000003        3.056053392519574
2.35                      3.0672056669227055
2.4000000000000004        3.0799038875886757
2.45                      3.094078724573864
2.5                       3.1096537329842184
2.5500000000000003        3.126546003195124
2.6                       3.144666782404482
2.6500000000000004        3.1639219945
2.7                       3.184212505216135
2.75                      3.2054337523428713
2.8000000000000003        3.22747360803372
2.85                      3.2502042365358275
2.9000000000000004        3.2734455147436767
2.95                      3.296637503646452
3                         3.30505267984957
0                         3.3142434852773
0.05                      3.306185965192669
0.1                       3.3080634983385866
0.15000000000000002       3.3112767663604865
0.2                       3.315763780191493
0.25                      3.3214974751495103
0.30000000000000004       3.3284485176140293
0.35000000000000003       3.33658260945125
0.4                       3.3458602407189244
0.45                      3.3562368723024227
0.5                       3.3676632417089243
0.55                      2.703550782910049
0.6000000000000001        2.6422105620666154
0.65                      2.581138881781888
0.7000000000000001        2.520637236904664
0.75                      2.4610246170095196
0.8                       2.4026372651440755
0.8500000000000001        2.5109600335202096
0.9                       2.6586542861249027
0.9500000000000001        2.806346614153685
1                         2.953696538406633
1.05                      2.9174978332643353
1.1                       2.882706536342507
1.1500000000000001        2.8494047721978992
1.2000000000000002        2.8176453800503207
1.25                      2.787481100790774
1.3                       2.7589642734071362
1.35                      2.7321465025478253
1.4000000000000001        2.707078301026784
1.4500000000000002        2.683808710876847
1.5                       2.6623849074685886
1.55                      2.6431486385211227
1.6                       2.6255577371254333
1.6500000000000001        2.6103796462011877
1.7000000000000002        2.5967654605007184
1.75                      2.5851897650581304
1.8                       2.5756800519930287
1.85                      2.568259277323413
1.9000000000000001        2.562945590956834
1.9500000000000002        2.5597521184490404
2                         2.558686800543757
2.0500000000000003        2.6862037127653773
2.1                       2.81410881938744
2.15                      2.942012806093772
2.2                       3.0539083416866033
2.25                      3.0616844706530557
2.3000000000000003        3.0710980636282774
2.35                      3.082096234122374
2.4000000000000004        3.0946177368111973
2.45                      3.108593519201987
2.5                       3.1239472920468057
2.5500000000000003        3.140596076029598
2.6                       3.158450652652167
2.6500000000000004        3.1774157799511684
2.7                       3.1973898648522625
2.75                      3.21826330811414
2.8000000000000003        3.2399131754781534
2.85                      3.2621854571252498
2.9000000000000004        3.2848176058758365
2.95                      3.305147662555546
3                         3.314243485277234
0                         3.3152674153891692
0.05                      3.3084795270185263
0.1                       3.3177275567187703
0.15000000000000002       3.327173305442359
0.2                       3.332709376225497
0.25                      3.339757290504012
0.30000000000000004       3.348266477034182
0.35000000000000003       3.358173888041375
0.4                       3.369407139808673
0.45                      3.381885109722319
0.5                       3.3955185958570695
0.55                      3.3800857165313682
0.6000000000000001        3.393446664054452
0.65                      3.40768481067642
0.7000000000000001        3.4227355524916154
0.75                      3.3835216212667736
0.8                       3.2887375960425516
0.8500000000000001        3.197964845005182
0.9                       3.111554756241402
0.9500000000000001        3.0298810288976834
1                         2.953753428753333
1.05                      2.917657333586492
1.1                       2.8828826600177795
1.1500000000000001        2.8495970062464
1.2000000000000002        2.8178531637625217
1.25                      2.787703825838322
1.3                       2.7592012828741064
1.35                      2.7323970901410664
1.4000000000000001        2.7073417106786746
1.4500000000000002        2.6840841368286164
1.5                       2.6626714949032713
1.55                      2.6435927632669878
1.6                       2.626000608503878
1.6500000000000001        2.7665576495272184
1.7000000000000002        2.8066499241226293
1.75                      2.8460240591599306
1.8                       2.8846626361707557
1.85                      2.922540868217778
1.9000000000000001        2.9596068039438737
1.9500000000000002        2.9956461823514866
2                         3.0244405533747383
2.0500000000000003        3.0253334176561375
2.1                       3.028006901090014
2.15                      3.0324457316513613
2.2                       3.069461509544187
2.25                      3.1973428317826236
2.3000000000000003        3.32522248438824
2.35                      3.383522410299649
2.4000000000000004        3.372490795070946
2.45                      3.3621908752161223
2.5                       3.3526584939121706
2.5500000000000003        3.3439271977033718
2.6                       3.3360280563785185
2.6500000000000004        3.3289895069825737
2.7                       3.322837250650651
2.75                      3.3175942830726632
2.8000000000000003        3.313281355777649
2.85                      3.309919377782217
2.9000000000000004        3.307547412936788
2.95                      3.3076005539034252
3                         3.315267415388938
0                         3.329886647823816
0.05                      3.3209907918371044
0.1                       3.323236635272698
0.15000000000000002       3.332991237577324
0.2                       3.348384806151426
0.25                      3.356018874358315
0.30000000000000004       3.3645172459143944
0.35000000000000003       3.374318717968029
0.4                       3.3854008147273564
0.45                      3.397696092598337
0.5                       3.4111209724097638
0.55                      3.410210969561169
0.6000000000000001        3.4258586721559876
0.65                      3.4423512860117533
0.7000000000000001        3.459570532102707
0.75                      3.383931230043282
0.8                       3.289168542188345
0.8500000000000001        3.1984140537676504
0.9                       3.1119869923094874
0.9500000000000001        3.030296962555614
1                         2.9538499911874996
1.05                      2.9181217935635466
1.1                       2.8833450075544715
1.1500000000000001        2.850056855208681
1.2000000000000002        2.8183105450179666
1.25                      2.788158853495711
1.3                       2.759654098587707
1.35                      2.7328478470518305
1.4000000000000001        2.7077905672657456
1.4500000000000002        2.684531254077685
1.5                       2.663117034818483
1.55                      2.684277957550197
1.6                       2.725762247303366
1.6500000000000001        3.2602794036572336
1.7000000000000002        3.230115989363393
1.75                      3.199157400392882
1.8                       3.1674141938652927
1.85                      3.1349053218973895
1.9000000000000001        3.101678066653346
1.9500000000000002        3.0679432861569893
2                         3.0399173621527056
2.0500000000000003        3.0407981046833714
2.1                       3.04343526572322
2.15                      3.047813699565814
2.2                       3.0699154471423116
2.25                      3.19781663216022
2.3000000000000003        3.3257162661661748
2.35                      3.4531003716494335
2.4000000000000004        3.580976394264601
2.45                      3.5778156840481103
2.5                       3.532136565300763
2.5500000000000003        3.490234169929812
2.6                       3.452297933758759
2.6500000000000004        3.4184678346187827
2.7                       3.388870726415291
2.75                      3.3636212400419194
2.8000000000000003        3.342820794845182
2.85                      3.326557528271595
2.9000000000000004        3.3149145127490525
2.95                      3.308710765027371
3                         3.3298866478238223
0                         3.3304629734282014
0.05                      3.337065159312587
0.1                       3.340040512677576
0.15000000000000002       3.344365400219445
0.2                       3.3560891342170835
0.25                      3.383021158811471
0.30000000000000004       3.4163461562866506
0.35000000000000003       3.455395290756943
0.4                       3.4999282985311733
0.45                      3.5497226427147877
0.5                       3.6045449415235127
0.55                      3.425581717815149
0.6000000000000001        3.4409763933240263
0.65                      3.45719529407411
0.7000000000000001        3.47411956673746
0.75                      3.3840070249088066
0.8                       3.289204537538524
0.8500000000000001        3.198417142611612
0.9                       3.1120282497177145
0.9500000000000001        3.0303752374292725
1                         2.9538785795586153
1.05                      3.027435596559711
1.1                       3.1012678322206506
1.1500000000000001        3.175099940312558
1.2000000000000002        3.2489315969464956
1.25                      3.3227627227316283
1.3                       3.3965932785817747
1.35                      3.4241922239787406
1.4000000000000001        3.3989401102908166
1.4500000000000002        3.3728495156778195
1.5                       3.3459312275913207
1.55                      3.3181928080066796
1.6                       3.2896403304637336
1.6500000000000001        3.483228332186958
1.7000000000000002        3.4815924175623962
1.75                      3.4802045295767425
1.8                       3.4790664898261263
1.85                      3.4781797926301468
1.9000000000000001        3.477545602722556
1.9500000000000002        3.477164753424533
2                         3.4770377452911307
2.0500000000000003        3.4628198446080907
2.1                       3.4482629309045483
2.15                      3.43417890707629
2.2                       3.4206184908242854
2.25                      3.407627007125525
2.3000000000000003        3.395247770943693
2.35                      3.4536142544659567
2.4000000000000004        3.5815104978868524
2.45                      3.589975871633856
2.5                       3.5676832686245943
2.5500000000000003        3.5446903152075384
2.6                       3.521088587530961
2.6500000000000004        3.4969908621847345
2.7                       3.472506105716508
2.75                      3.4477417735638225
2.8000000000000003        3.4228081024989256
2.85                      3.3978268543526355
2.9000000000000004        3.3729612125089554
2.95                      3.3486064283626287
3                         3.3304629734288813
0                         3.3306515141964983
0.05                      3.375581526448497
0.1                       3.4206704959882397
0.15000000000000002       3.463727827150147
0.2                       3.5045553707617145
0.25                      3.543027595040634
0.30000000000000004       3.5790111320695766
0.35000000000000003       3.6123306032303053
0.4                       3.6427215241135364
0.45                      3.662717738450669
0.5                       3.6496661411437765
0.55                      3.6355698665706604
0.6000000000000001        3.621579061431971
0.65                      3.583836084203339
0.7000000000000001        3.481989080562492
0.75                      3.3844352823377086
0.8                       3.2896628085789525
0.8500000000000001        3.198902247678658
0.9                       3.1125048839780396
0.9500000000000001        3.0308443312138182
1                         2.9546377903564927
1.05                      3.0278701290412964
1.1                       3.1017131851704276
1.1500000000000001        3.1755563017419837
1.2000000000000002        3.2493990409313
1.25                      3.323241299977357
1.3                       3.397083030609929
1.35                      3.4704232364295176
1.4000000000000001        3.4950422576463134
1.4500000000000002        3.4922045984579295
1.5                       3.489601185488974
1.55                      3.4872353379092256
1.6                       3.48511012756499
1.6500000000000001        3.4847205753280415
1.7000000000000002        3.4831146407224036
1.75                      3.48175264262419
1.8                       3.480636159793469
1.85                      3.4797664710793477
1.9000000000000001        3.4791445634802027
1.9500000000000002        3.4787711380099124
2                         3.478646613713429
2.0500000000000003        3.4932505538387004
2.1                       3.508964359858124
2.15                      3.5249720032242755
2.2                       3.541213941102421
2.25                      3.5576258666774154
2.3000000000000003        3.574115536909384
2.35                      3.5904529744313027
2.4000000000000004        3.6045620487564642
2.45                      3.594910443890215
2.5                       3.5740901867258823
2.5500000000000003        3.5519194954016977
2.6                       3.528982766893681
2.6500000000000004        3.505480243650566
2.7                       3.481551831533599
2.75                      3.4573221590534997
2.8000000000000003        3.4329163940794327
2.85                      3.4084764370883356
2.9000000000000004        3.3841999304972488
2.95                      3.360388232735289
3                         3.3306515141964805
0                         3.3503625536824435
0.05                      3.3807787110079
0.1                       3.4253250913923883
0.15000000000000002       3.469096453289111
0.2                       3.5111088430253354
0.25                      3.5511344739589616
0.30000000000000004       3.5890471846386793
0.35000000000000003       3.6246373304854256
0.4                       3.6565139575849486
0.45                      3.6664468386658173
0.5                       3.6517709315136644
0.55                      3.6372066533340317
0.6000000000000001        3.6230097791625697
0.65                      3.584203525143597
0.7000000000000001        3.4823774892814723
0.75                      3.43853113916195
0.8                       3.4550005381713693
0.8500000000000001        3.472068400041017
0.9                       3.489650920680232
0.9500000000000001        3.507636485142006
1                         3.525260834782021
1.05                      3.520949585539458
1.1                       3.516609284168326
1.1500000000000001        3.512213475647981
1.2000000000000002        3.4946063351680805
1.25                      3.4720928040514982
1.3                       3.448588125826667
1.35                      3.470924198709249
1.4000000000000001        3.496331295026945
1.4500000000000002        3.4935408791895237
1.5                       3.490981455870843
1.55                      3.4886563705591427
1.6                       3.486568556917639
1.6500000000000001        3.651217596389251
1.7000000000000002        3.660741755909102
1.75                      3.6701949811614956
1.8                       3.6795481524574973
1.85                      3.68874520375607
1.9000000000000001        3.697637045943255
1.9500000000000002        3.7056118903481634
2                         3.7095920552272132
2.0500000000000003        3.709014211502112
2.1                       3.705297880699815
2.15                      3.6962497192510044
2.2                       3.6834272591572605
2.25                      3.6679894960252857
2.3000000000000003        3.6505594811014936
2.35                      3.631546965920747
2.4000000000000004        3.6112539517051907
2.45                      3.6266104427980093
2.5                       3.6424997999512603
2.5500000000000003        3.658283524593936
2.6                       3.6453299820602405
2.6500000000000004        3.614042534987806
2.7                       3.580218004252076
2.75                      3.544100318018336
2.8000000000000003        3.5057338491425054
2.85                      3.4651533066736837
2.9000000000000004        3.4224688553983484
2.95                      3.3784301034905275
3                         3.35036255368211
0                         3.789167139605154
0.05                      3.7819321812516344
0.1                       3.7691284530980576
0.15000000000000002       3.755086379871924
0.2                       3.740550606694854
0.25                      3.7257829978574484
0.30000000000000004       3.71095796409428
0.35000000000000003       3.696298223248837
0.4                       3.681564897049959
0.45                      3.6701518113020577
0.5                       3.6931617590784143
0.55                      3.664217059112503
0.6000000000000001        3.6887824107890452
0.65                      3.5843604164036424
0.7000000000000001        3.4824936300026033
0.75                      3.477386238675532
0.8                       3.495641603984707
0.8500000000000001        3.5140827369706757
0.9                       3.531634115675454
0.9500000000000001        3.53444143060653
1                         3.5254446282967447
1.05                      3.5218316832050727
1.1                       3.517617306509575
1.1500000000000001        3.513518128821847
1.2000000000000002        3.508704118809974
1.25                      3.5049306844041617
1.3                       3.5014069961652705
1.35                      3.498110736683434
1.4000000000000001        3.544252571843326
1.4500000000000002        3.6127438572549733
1.5                       3.622392197629356
1.55                      3.6320288784100647
1.6                       3.641641669289596
1.6500000000000001        3.687660126937297
1.7000000000000002        3.694301879621345
1.75                      3.700304795561572
1.8                       3.7055456705055856
1.85                      3.709895830067737
1.9000000000000001        3.7132673813643056
1.9500000000000002        3.71585324724749
2                         3.7171686822236967
2.0500000000000003        3.7150305392972434
2.1                       3.708923943170097
2.15                      3.6993795343100007
2.2                       3.686966271232033
2.25                      3.6722258400367416
2.3000000000000003        3.6556404734494596
2.35                      3.6377348214205374
2.4000000000000004        3.620759098391126
2.45                      3.7088504476885706
2.5                       3.702275913770532
2.5500000000000003        3.6762786169779207
2.6                       3.676485472154267
2.6500000000000004        3.6925825769853926
2.7                       3.7087670435382263
2.75                      3.724754201458673
2.8000000000000003        3.740435490500669
2.85                      3.7556812355248623
2.9000000000000004        3.7702106723361615
2.95                      3.7829839142725388
3                         3.789167139605166
0                         3.7898793993537176
0.05                      3.784667217413225
0.1                       3.7719288929902146
0.15000000000000002       3.7574175013984017
0.2                       3.7424333090649857
0.25                      3.7272600420875444
0.30000000000000004       3.712024044659585
0.35000000000000003       3.6968490122388253
0.4                       3.683496495928913
0.45                      3.6939911853203853
0.5                       3.722047256968795
0.55                      3.711617276315352
0.6000000000000001        3.6891291898695844
0.65                      3.5847288794121956
0.7000000000000001        3.4828919142772747
0.75                      3.491614914029401
0.8                       3.509504389122903
0.8500000000000001        3.527385353476555
0.9                       3.540792947492965
0.9500000000000001        3.535078561563646
1                         3.5268017698585976
1.05                      3.5344504558700582
1.1                       3.5346488205048896
1.1500000000000001        3.51650691948544
1.2000000000000002        3.50972359733458
1.25                      3.506048136725876
1.3                       3.502589379464006
1.35                      3.4993488965852064
1.4000000000000001        3.5447647737611216
1.4500000000000002        3.6180812615092384
1.5                       3.6648837159663605
1.55                      3.672869580851784
1.6                       3.680486297335156
1.6500000000000001        3.6930718239643676
1.7000000000000002        3.6989744820899375
1.75                      3.7042142853903806
1.8                       3.7086950852782743
1.85                      3.712318253075924
1.9000000000000001        3.7149902332918034
1.9500000000000002        3.7166357640513827
2                         3.7183631686409626
2.0500000000000003        3.7169467734634627
2.1                       3.714900492926482
2.15                      3.7149735427156925
2.2                       3.7162810357966944
2.25                      3.718269352432828
2.3000000000000003        3.7207872914750104
2.35                      3.6803123778046576
2.4000000000000004        3.627421638442973
2.45                      3.709404889922282
2.5                       3.7356457679904067
2.5500000000000003        3.7402837477983613
2.6                       3.7453125181962026
2.6500000000000004        3.7506836374719756
2.7                       3.7563611571533477
2.75                      3.7623060846697713
2.8000000000000003        3.7684683099521763
2.85                      3.7747699273389244
2.9000000000000004        3.7810494201498797
2.95                      3.786803308178032
3                         3.789879399353716
0                         3.803449027697635
0.05                      3.798080074851358
0.1                       3.797075685933647
0.15000000000000002       3.7977390291552915
0.2                       3.7990415874548074
0.25                      3.8008094703857846
0.30000000000000004       3.8029893457991277
0.35000000000000003       3.8055536316922733
0.4                       3.80848172921533
0.45                      3.811755331840177
0.5                       3.8153575682936776
0.55                      3.7490275397237647
0.6000000000000001        3.689327117522007
0.65                      3.607880194214895
0.7000000000000001        3.5945849795451945
0.75                      3.581786636167799
0.8                       3.5696061979935547
0.8500000000000001        3.5583730855363025
0.9                       3.549403120547279
0.9500000000000001        3.554418057572912
1                         3.5678313829187176
1.05                      3.5580833106205096
1.1                       3.5484547310840178
1.1500000000000001        3.55570276315313
1.2000000000000002        3.5648688617204
1.25                      3.5743116795883485
1.3                       3.5838596461303305
1.35                      3.5934626377777845
1.4000000000000001        3.6030961909248456
1.4500000000000002        3.618604724683955
1.5                       3.6722300604986726
1.55                      3.6796247558547956
1.6                       3.6865953386067947
1.6500000000000001        3.778315371691189
1.7000000000000002        3.770169869894593
1.75                      3.761866275536783
1.8                       3.7534317060678637
1.85                      3.744907162146335
1.9000000000000001        3.7363776852179424
1.9500000000000002        3.7281186613892356
2                         3.7224300683322413
2.0500000000000003        3.722716113702225
2.1                       3.7234664638372448
2.15                      3.724640512466331
2.2                       3.7262412935661935
2.25                      3.7282511861775234
2.3000000000000003        3.730487317824207
2.35                      3.723777197756463
2.4000000000000004        3.7271346606784452
2.45                      3.724937674018208
2.5                       3.746824187557881
2.5500000000000003        3.7510123526679324
2.6                       3.755789003447473
2.6500000000000004        3.7609777526190964
2.7                       3.76650768782219
2.75                      3.7723292099626593
2.8000000000000003        3.778393581351098
2.85                      3.784642343030113
2.9000000000000004        3.791003589302415
2.95                      3.7975080395157446
3                         3.8034490276975905
0                         3.803747232219409
0.05                      3.805838781652283
0.1                       3.8074576130396487
0.15000000000000002       3.808706906170963
0.2                       3.810144009529214
0.25                      3.811881584085506
0.30000000000000004       3.813940985178893
0.35000000000000003       3.8163179000196696
0.4                       3.8189971949559776
0.45                      3.8219570932607465
0.5                       3.825170575500986
0.55                      3.7965707295041073
0.6000000000000001        3.6896660022313044
0.65                      3.609185279100816
0.7000000000000001        3.5958082871700037
0.75                      3.582948803091453
0.8                       3.57069518535075
0.8500000000000001        3.559226453526401
0.9                       3.552572702828591
0.9500000000000001        3.5671275652497796
1                         3.5852560565124114
1.05                      3.5860354038290643
1.1                       3.5940659547163314
1.1500000000000001        3.603025544377484
1.2000000000000002        3.612160309356341
1.25                      3.6212940112502836
1.3                       3.6303503796142507
1.35                      3.6392798102110726
1.4000000000000001        3.648040253449959
1.4500000000000002        3.6565899883543564
1.5                       3.6919092821650072
1.55                      3.7657366100539926
1.6                       3.7862804680294415
1.6500000000000001        3.8400098588531533
1.7000000000000002        3.8367230103316055
1.75                      3.833527253827456
1.8                       3.830570548957921
1.85                      3.8280161162699273
1.9000000000000001        3.8260313948311646
1.9500000000000002        3.8247678072321034
2                         3.824333431088578
2.0500000000000003        3.8237757409992095
2.1                       3.82182476436595
2.15                      3.81779981457435
2.2                       3.810968193585416
2.25                      3.7960572978619505
2.3000000000000003        3.73681273463159
2.35                      3.733269331744135
2.4000000000000004        3.7351326966197873
2.45                      3.7317302859178256
2.5                       3.836722420805711
2.5500000000000003        3.8594481729220838
2.6                       3.8533167843980767
2.6500000000000004        3.8468622765205365
2.7                       3.8401574779952687
2.75                      3.8332783667582486
2.8000000000000003        3.82630767584136
2.85                      3.819350200483663
2.9000000000000004        3.812588650281432
2.95                      3.8065467159327184
3                         3.8037472322194112
0                         3.8086794562782513
0.05                      3.8190635331758505
0.1                       3.8294754033282663
0.15000000000000002       3.840901597886544
0.2                       3.851979127657725
0.25                      3.86222672432404
0.30000000000000004       3.8713288371330243
0.35000000000000003       3.8790079242404785
0.4                       3.885028915303389
0.45                      3.8892782515525464
0.5                       3.891913036046092
0.55                      3.7968972092602935
0.6000000000000001        3.7239309655117556
0.65                      3.7293642425196816
0.7000000000000001        3.7266843745701603
0.75                      3.716230893871864
0.8                       3.6989374294149084
0.8500000000000001        3.6759130619234974
0.9                       3.6481143792735073
0.9500000000000001        3.616436116432166
1                         3.585522331644258
1.05                      3.5945197688056054
1.1                       3.603710107854503
1.1500000000000001        3.61283497383657
1.2000000000000002        3.621863446673844
1.25                      3.630766034452417
1.3                       3.639512446205055
1.35                      3.6480702022159113
1.4000000000000001        3.656403492958738
1.4500000000000002        3.664472067070263
1.5                       3.692444017172035
1.55                      3.7662826109243754
1.6                       3.83956322058605
1.6500000000000001        3.872088934627343
1.7000000000000002        3.871062644347409
1.75                      3.8697540527656407
1.8                       3.8683219070369748
1.85                      3.866952268124452
1.9000000000000001        3.8658246597550816
1.9500000000000002        3.865084975368161
2                         3.8648275516433532
2.0500000000000003        3.8657116917451333
2.1                       3.868106312534441
2.15                      3.8713489788183604
2.2                       3.858670558802459
2.25                      3.801071045723538
2.3000000000000003        3.7875719394481906
2.35                      3.77125610460327
2.4000000000000004        3.7532609151555274
2.45                      3.7442774231809226
2.5                       3.8372973138704918
2.5500000000000003        3.867148776919263
2.6                       3.8616611903589937
2.6500000000000004        3.8556255532711083
2.7                       3.849198657522114
2.75                      3.8425146215601016
2.8000000000000003        3.8356979762554935
2.85                      3.8288881641433092
2.9000000000000004        3.8223020580204183
2.95                      3.8162575168531796
3                         3.8086794562782287
0                         3.814400731309229
0.05                      3.819411359322728
0.1                       3.8329202542951135
0.15000000000000002       3.846398179211784
0.2                       3.859544227569957
0.25                      3.8722290227695693
0.30000000000000004       3.88435495046821
0.35000000000000003       3.895828615393916
0.4                       3.9065514612324623
0.45                      3.916416683550105
0.5                       3.9069654873442334
0.55                      3.797136358153445
0.6000000000000001        3.728576984359245
0.65                      3.7960073970613712
0.7000000000000001        3.815099199807207
0.75                      3.8293990513001512
0.8                       3.83781091498411
0.8500000000000001        3.8435352177742277
0.9                       3.8485553604707805
0.9500000000000001        3.8532593946304208
1                         3.85698015030096
1.05                      3.8543130006936313
1.1                       3.8503484336188527
1.1500000000000001        3.845756518233496
1.2000000000000002        3.840628569851334
1.25                      3.835029649840586
1.3                       3.8290132905757917
1.35                      3.822624664854237
1.4000000000000001        3.8159022983768214
1.4500000000000002        3.808879367887142
1.5                       3.801584780902288
1.55                      3.7940441125225326
1.6                       3.8401204556067317
1.6500000000000001        3.907649854301204
1.7000000000000002        3.9053203698523937
1.75                      3.9035648373061385
1.8                       3.9023110940127834
1.85                      3.901463821265507
1.9000000000000001        3.900930921671646
1.9500000000000002        3.9006406366467616
2                         3.9005487981451896
2.0500000000000003        3.8997943871782517
2.1                       3.8976940528441752
2.15                      3.8946622490096687
2.2                       3.8750122090515804
2.25                      3.877623775561933
2.3000000000000003        3.8792657764141443
2.35                      3.879325606450364
2.4000000000000004        3.875301505669794
2.45                      3.8704841836227155
2.5                       3.8651889542451197
2.5500000000000003        3.9062287974343786
2.6                       3.897857338479965
2.6500000000000004        3.8885569233053294
2.7                       3.8784016764150824
2.75                      3.86747689269816
2.8000000000000003        3.8558761199877303
2.85                      3.843712433015574
2.9000000000000004        3.8311722123897876
2.95                      3.8189768258564922
3                         3.814400731309201
0                         4.130232372040744
0.05                      4.1285327768511175
0.1                       4.123630410285336
0.15000000000000002       4.116792725705257
0.2                       4.108933214919162
0.25                      4.100662646040586
0.30000000000000004       4.092439758098529
0.35000000000000003       4.084676951348717
0.4                       4.077763199447078
0.45                      4.019751589270218
0.5                       3.907272073220385
0.55                      3.7974459814435026
0.6000000000000001        3.773833780960396
0.65                      3.7969824853091247
0.7000000000000001        3.8331356122558122
0.75                      3.8395149619938866
0.8                       3.8457441453991343
0.8500000000000001        3.8498599946533547
0.9                       3.8532060281011526
0.9500000000000001        3.855948089702483
1                         3.8580464618069783
1.05                      3.8586275685601925
1.1                       3.859053404922413
1.1500000000000001        3.8591446712732504
1.2000000000000002        3.858890178135512
1.25                      3.8582655595920876
1.3                       3.857249753175407
1.35                      3.855830475248405
1.4000000000000001        3.8540079392989255
1.4500000000000002        3.8517976721052127
1.5                       3.849232399987907
1.55                      3.846363069856163
1.6                       3.8432593216464728
1.6500000000000001        3.9133890880826283
1.7000000000000002        3.947188778960892
1.75                      3.9466561875518544
1.8                       3.9462653998348722
1.85                      3.9459901345464563
1.9000000000000001        3.9458091387640466
1.9500000000000002        3.9457068561822823
2                         3.9456738199791435
2.0500000000000003        3.9453123730996102
2.1                       3.9442437559366583
2.15                      3.924448222555494
2.2                       3.8911680821683143
2.25                      3.8875084027947713
2.3000000000000003        3.8837369474334467
2.35                      3.8799154697162512
2.4000000000000004        3.8783290405738446
2.45                      3.8757028924192616
2.5                       3.871901365962859
2.5500000000000003        3.9645921945635796
2.6                       4.085628858050095
2.6500000000000004        4.09377388417867
2.7                       4.101697242683761
2.75                      4.108412498085129
2.8000000000000003        4.1145929604729234
2.85                      4.1203636489996995
2.9000000000000004        4.125356506330485
2.95                      4.12895287874801
3                         4.13023237204065
0                         4.130375640201939
0.05                      4.1291257931220064
0.1                       4.126027638551524
0.15000000000000002       4.121449759750482
0.2                       4.1158189198062995
0.25                      4.109419561435508
0.30000000000000004       4.102432243898611
0.35000000000000003       4.094976189386474
0.4                       4.08714054974713
0.45                      4.020038718643184
0.5                       3.9075525392759904
0.55                      3.819274274310259
0.6000000000000001        3.8235015525133402
0.65                      3.828092509054724
0.7000000000000001        3.839992323372053
0.75                      3.844482870397581
0.8                       3.8513473925640276
0.8500000000000001        3.8586149013548323
0.9                       3.862389384498797
0.9500000000000001        3.861996669384571
1                         3.8584471958773716
1.05                      3.859985060844088
1.1                       3.8619385195941054
1.1500000000000001        3.8638504149495843
1.2000000000000002        3.865662670521709
1.25                      3.867347100158461
1.3                       3.868877253101128
1.35                      3.87022314669472
1.4000000000000001        3.8713490226327423
1.4500000000000002        3.8722121262814477
1.5                       3.8727631300471974
1.55                      3.872950292101836
1.6                       3.8727304940179654
1.6500000000000001        3.9139574838254494
1.7000000000000002        3.9872141855496146
1.75                      4.028634307590424
1.8                       4.0303192306854
1.85                      4.03165087559311
1.9000000000000001        4.032614309909483
1.9500000000000002        4.033197572411973
2                         4.033392895986682
2.0500000000000003        4.0330163006691535
2.1                       3.9927056274073576
2.15                      3.9425704272262845
2.2                       3.9402483364891197
2.25                      3.9374133990815348
2.3000000000000003        3.934056478582838
2.35                      3.9301199189369713
2.4000000000000004        3.9254877051162707
2.45                      3.920023707610488
2.5                       3.913620554083834
2.5500000000000003        3.9651876390354115
2.6                       4.0900053063787984
2.6500000000000004        4.095950090903025
2.7                       4.102237614857367
2.75                      4.109448890900649
2.8000000000000003        4.116413922336036
2.85                      4.122340570744666
2.9000000000000004        4.126762287766821
2.95                      4.129420146722892
3                         4.130375640201978
0                         4.153770740050019
0.05                      4.148392895581414
0.1                       4.1416533362767325
0.15000000000000002       4.134655707110661
0.2                       4.127378127107148
0.25                      4.119820385785717
0.30000000000000004       4.112009543013388
0.35000000000000003       4.103990282474575
0.4                       4.095835720836643
0.45                      4.020360513805756
0.5                       3.907833279427294
0.55                      3.828606401453456
0.6000000000000001        3.832231825112626
0.65                      3.836021750147903
0.7000000000000001        3.8696013634131883
0.75                      3.9128185196475758
0.8                       3.9232367032840214
0.8500000000000001        3.934740291485257
0.9                       3.9465853333702676
0.9500000000000001        3.9581953837273707
1                         3.968324925776533
1.05                      3.9638539782061204
1.1                       3.958595880604862
1.1500000000000001        3.953245870262132
1.2000000000000002        3.9478813356082725
1.25                      3.9425491220952766
1.3                       3.9372912852948168
1.35                      3.9321538255587334
1.4000000000000001        3.927191280566809
1.4500000000000002        3.922469697306606
1.5                       3.9180677574065452
1.55                      3.914074118041723
1.6                       3.9105778218861165
1.6500000000000001        3.9478934332131232
1.7000000000000002        3.9877935974142553
1.75                      4.039120450140566
1.8                       4.041193644265784
1.85                      4.042880001450378
1.9000000000000001        4.04413129862608
1.9500000000000002        4.0449034013635154
2                         4.045164640424031
2.0500000000000003        4.046711984054488
2.1                       4.032697886175279
2.15                      4.033251319363124
2.2                       4.035083106354449
2.25                      4.038251381618823
2.3000000000000003        4.042679039611974
2.35                      4.048213085278611
2.4000000000000004        4.05466121240188
2.45                      4.06181852235745
2.5                       4.069485792796496
2.5500000000000003        4.077478780832576
2.6                       4.092459640392408
2.6500000000000004        4.119361034246498
2.7                       4.124396954692939
2.75                      4.1291947065900105
2.8000000000000003        4.133885939949269
2.85                      4.138708524321845
2.9000000000000004        4.143914342432316
2.95                      4.149481912900215
3                         4.153770740050024
0                         4.155638308160822
0.05                      4.155918662771759
0.1                       4.156429837985151
0.15000000000000002       4.1563580875641435
0.2                       4.153961880933438
0.25                      4.149090903073314
0.30000000000000004       4.143398954766912
0.35000000000000003       4.137518038084216
0.4                       4.131701810606177
0.45                      4.020612803878834
0.5                       3.9253114935464257
0.55                      3.89354061156267
0.6000000000000001        3.8952931851455053
0.65                      3.8985700265860057
0.7000000000000001        3.904388122616094
0.75                      3.9459020121051047
0.8                       3.9571217276866
0.8500000000000001        3.9613788111566306
0.9                       3.9667175398271373
0.9500000000000001        3.972346431042569
1                         3.969120134048206
1.05                      3.972353314956983
1.1                       3.9721942821022256
1.1500000000000001        3.969393717780989
1.2000000000000002        3.966160105840683
1.25                      3.96300864080112
1.3                       3.960080629805484
1.35                      3.957434251480968
1.4000000000000001        3.955096454928745
1.4500000000000002        3.953075583176162
1.5                       3.9513658161831033
1.55                      3.9499500586073957
1.6                       3.948802847287645
1.6500000000000001        4.0242714987008785
1.7000000000000002        4.02661270112307
1.75                      4.061038484444242
1.8                       4.09185411884356
1.85                      4.090723708817964
1.9000000000000001        4.08986647211335
1.9500000000000002        4.089329804614878
2                         4.089146896031944
2.0500000000000003        4.0636390346516835
2.1                       4.050870586944383
2.15                      4.056225159659152
2.2                       4.062255695768636
2.25                      4.068206274022238
2.3000000000000003        4.07108451609374
2.35                      4.0717957599717876
2.4000000000000004        4.073341451724944
2.45                      4.07604336707499
2.5                       4.079839852779141
2.5500000000000003        4.084563524284117
2.6                       4.093075714901612
2.6500000000000004        4.142967259691249
2.7                       4.146360420423229
2.75                      4.149432844244167
2.8000000000000003        4.15206164766815
2.85                      4.154057068705294
2.9000000000000004        4.155151142030594
2.95                      4.15528163415302
3                         4.155638308160812
0                         4.1566621734997495
0.05                      4.161415164420697
0.1                       4.163710961400919
0.15000000000000002       4.162491340382237
0.2                       4.160506425780075
0.25                      4.159720523396707
0.30000000000000004       4.159069259974219
0.35000000000000003       4.158144190791686
0.4                       4.134732969226063
0.45                      4.0719679798693305
0.5                       4.066969666697184
0.55                      3.9331276639185857
0.6000000000000001        3.9397857988241585
0.65                      3.9452795642174294
0.7000000000000001        3.9497429323994946
0.75                      3.9536485373366084
0.8                       4.012703172175564
0.8500000000000001        4.002599045622651
0.9                       3.992297929658896
0.9500000000000001        3.9829228247110087
1                         3.9836170549610777
1.05                      3.981454808359997
1.1                       3.9828316917488737
1.1500000000000001        3.986871192372453
1.2000000000000002        3.9913843636539426
1.25                      3.9958765634787583
1.3                       4.000224130948486
1.35                      4.004380401055229
1.4000000000000001        4.008321049242766
1.4500000000000002        4.012029596232523
1.5                       4.015492332392662
1.55                      4.018696133949162
1.6                       4.021627392636949
1.6500000000000001        4.033992215659445
1.7000000000000002        4.036706459053637
1.75                      4.061628637558467
1.8                       4.094777903089957
1.85                      4.094151124996561
1.9000000000000001        4.09370026474681
1.9500000000000002        4.093428178342387
2                         4.093337193064906
2.0500000000000003        4.086261917314714
2.1                       4.082278483930489
2.15                      4.07868232996691
2.2                       4.0758275036097364
2.25                      4.074327944124577
2.3000000000000003        4.07713368331676
2.35                      4.083320779706668
2.4000000000000004        4.089839355151182
2.45                      4.096257433794984
2.5                       4.1024608200562245
2.5500000000000003        4.108395167260794
2.6                       4.114031772127842
2.6500000000000004        4.150372481960262
2.7                       4.154706116452887
2.75                      4.158971882481346
2.8000000000000003        4.1630997099769615
2.85                      4.166418165307856
2.9000000000000004        4.165514526351085
2.95                      4.1612095551153985
3                         4.156662173499773
0                         4.164461348656348
0.05                      4.16514480350726
0.1                       4.1685338750371725
0.15000000000000002       4.167508615377013
0.2                       4.166715143723283
0.25                      4.166109824320188
0.30000000000000004       4.165246535799141
0.35000000000000003       4.164064542246225
0.4                       4.135001102687293
0.45                      4.079023787297024
0.5                       4.070914089255613
0.55                      4.060384232299709
0.6000000000000001        4.051711434342766
0.65                      4.042442154129371
0.7000000000000001        4.032850948048837
0.75                      4.023008813483187
0.8                       4.019922168992854
0.8500000000000001        4.010528780937164
0.9                       4.00114690284666
0.9500000000000001        3.9920860979331607
1                         3.9841799246822682
1.05                      3.9876356949756024
1.1                       3.9918054270329932
1.1500000000000001        3.9960990599966117
1.2000000000000002        4.000414368440243
1.25                      4.004692001784272
1.3                       4.008890954316584
1.35                      4.012980375122011
1.4000000000000001        4.0169356117803545
1.4500000000000002        4.020735699679799
1.5                       4.024361436067772
1.55                      4.027793700648848
1.6                       4.031011863477228
1.6500000000000001        4.096297714365617
1.7000000000000002        4.094708499145754
1.75                      4.093202697320525
1.8                       4.107336229000983
1.85                      4.106820026400341
1.9000000000000001        4.10643905646559
1.9500000000000002        4.106204867217234
2                         4.106125783024222
2.0500000000000003        4.096524451869796
2.1                       4.101052894210323
2.15                      4.105577399741624
2.2                       4.109634561826989
2.25                      4.113156774504084
2.3000000000000003        4.116598265481323
2.35                      4.120186270554669
2.4000000000000004        4.123932458543868
2.45                      4.127786801728687
2.5                       4.131684556485498
2.5500000000000003        4.135558618186232
2.6                       4.139342148433914
2.6500000000000004        4.1540652330676995
2.7                       4.157990365814398
2.75                      4.161698516176513
2.8000000000000003        4.165057570878758
2.85                      4.167709048086729
2.9000000000000004        4.166450462389079
2.95                      4.164884951892602
3                         4.164461348656308
0                         4.178310434405871
0.05                      4.175088125966933
0.1                       4.170934500904498
0.15000000000000002       4.172531073380254
0.2                       4.171482979554822
0.25                      4.169706725151684
0.30000000000000004       4.167800675285215
0.35000000000000003       4.165740472998443
0.4                       4.1353641499287335
0.45                      4.087704190451187
0.5                       4.080074373819489
0.55                      4.063903978893542
0.6000000000000001        4.056573187711022
0.65                      4.048027055719568
0.7000000000000001        4.038918238112072
0.75                      4.0295480166827025
0.8                       4.026486192034083
0.8500000000000001        4.097609248134179
0.9                       4.105174147961702
0.9500000000000001        4.1122680179746
1                         4.115855304289166
1.05                      4.115180742845632
1.1                       4.113926917635212
1.1500000000000001        4.112409952856862
1.2000000000000002        4.110771817258351
1.25                      4.109084099579005
1.3                       4.107387887007099
1.35                      4.105709505241306
1.4000000000000001        4.104066823172049
1.4500000000000002        4.102470937169332
1.5                       4.100923779086492
1.55                      4.099409130843172
1.6                       4.097880480604805
1.6500000000000001        4.097746626846097
1.7000000000000002        4.096561263511332
1.75                      4.095579413753579
1.8                       4.112083791878717
1.85                      4.111520644923573
1.9000000000000001        4.111113100774509
1.9500000000000002        4.110866513894864
2                         4.110783981007291
2.0500000000000003        4.106818450678751
2.1                       4.107936463316965
2.15                      4.109922525937884
2.2                       4.112902818121915
2.25                      4.116703469358482
2.3000000000000003        4.120701562579857
2.35                      4.12470631117998
2.4000000000000004        4.12878987648501
2.45                      4.132984723942601
2.5                       4.137274408515571
2.5500000000000003        4.1416255186569595
2.6                       4.146002458072915
2.6500000000000004        4.180877835390723
2.7                       4.178202946523311
2.75                      4.175265623267896
2.8000000000000003        4.17219191373314
2.85                      4.169548232229416
2.9000000000000004        4.1719533322826905
2.95                      4.175851229988789
3                         4.178310434405809
0                         4.179191458779285
0.05                      4.176937751720011
0.1                       4.1750222689727785
0.15000000000000002       4.173346225324317
0.2                       4.1729771845119075
0.25                      4.1719224705691875
0.30000000000000004       4.170390788121019
0.35000000000000003       4.168597074242318
0.4                       4.135588479070052
0.45                      4.126137539295406
0.5                       4.1210130193532954
0.55                      4.074518385347103
0.6000000000000001        4.073017186000362
0.65                      4.074832411890293
0.7000000000000001        4.078773304200639
0.75                      4.084184167747824
0.8                       4.090633112645358
0.8500000000000001        4.10916919858607
0.9                       4.1163034458201775
0.9500000000000001        4.119829209330409
1                         4.123640364074565
1.05                      4.121665880043369
1.1                       4.119550992784111
1.1500000000000001        4.1174160005255915
1.2000000000000002        4.115273028158285
1.25                      4.113130244330036
1.3                       4.110995286466052
1.35                      4.108876612376834
1.4000000000000001        4.106784775005385
1.4500000000000002        4.104734555618471
1.5                       4.102749603679867
1.55                      4.1008730173446395
1.6                       4.099180837729756
1.6500000000000001        4.109573572474049
1.7000000000000002        4.108724479371367
1.75                      4.107975075279822
1.8                       4.1348619544009
1.85                      4.141928204025126
1.9000000000000001        4.138818419474448
1.9500000000000002        4.136951359732256
2                         4.136328798272106
2.0500000000000003        4.111182272771319
2.1                       4.112284869690411
2.15                      4.114103104947221
2.2                       4.116620615594444
2.25                      4.1198463709925095
2.3000000000000003        4.123734972607618
2.35                      4.1280494684890865
2.4000000000000004        4.1325218166978095
2.45                      4.137003376693946
2.5                       4.141426692697639
2.5500000000000003        4.145758626575368
2.6                       4.149978221795855
2.6500000000000004        4.186356733541001
2.7                       4.1840043508620015
2.75                      4.181221751428861
2.8000000000000003        4.178003245705846
2.85                      4.174966926150943
2.9000000000000004        4.174580212360358
2.95                      4.17660253269493
3                         4.179191458779276
0                         4.1796691704297135
0.05                      4.1791357345447855
0.1                       4.179253870272095
0.15000000000000002       4.181226839997772
0.2                       4.1860722574577895
0.25                      4.191890151353928
0.30000000000000004       4.197748439720357
0.35000000000000003       4.203412516505131
0.4                       4.15687573947185
0.45                      4.155270393517976
0.5                       4.153354088497643
0.55                      4.116532418328037
0.6000000000000001        4.11291271142525
0.65                      4.110364827245886
0.7000000000000001        4.109061410053743
0.75                      4.109098739825105
0.8                       4.110466939366792
0.8500000000000001        4.113467567699874
0.9                       4.1300253729423115
0.9500000000000001        4.127278060621516
1                         4.123949330622335
1.05                      4.124090373493765
1.1                       4.1229307547838765
1.1500000000000001        4.121625402388499
1.2000000000000002        4.120277002614907
1.25                      4.1189229142793975
1.3                       4.117584212814172
1.35                      4.116275186462746
1.4000000000000001        4.115006808792478
1.4500000000000002        4.113788305114722
1.5                       4.1126279511066635
1.55                      4.111533547372323
1.6                       4.11051277957145
1.6500000000000001        4.114618654530508
1.7000000000000002        4.113643741805508
1.75                      4.1127948212355445
1.8                       4.135462310431485
1.85                      4.1434299143375455
1.9000000000000001        4.140378508643398
1.9500000000000002        4.138546354113488
2                         4.137935500511638
2.0500000000000003        4.194947684326247
2.1                       4.195113001118945
2.15                      4.19474436729281
2.2                       4.194190883146191
2.25                      4.193468189285972
2.3000000000000003        4.192577292772635
2.35                      4.191515168836222
2.4000000000000004        4.190275672821248
2.45                      4.188848796213358
2.5                       4.187219358401447
2.5500000000000003        4.185365865864264
2.6                       4.183261142117763
2.6500000000000004        4.189694028476182
2.7                       4.18745573715032
2.75                      4.185336859762455
2.8000000000000003        4.1834578768984505
2.85                      4.181885354138479
2.9000000000000004        4.180679389660238
2.95                      4.179913237996942
3                         4.179669170429923
0                         4.179875973584556
0.05                      4.182489134102371
0.1                       4.186258216735619
0.15000000000000002       4.190745928307119
0.2                       4.195722368140669
0.25                      4.200964509631499
0.30000000000000004       4.206291182457993
0.35000000000000003       4.2115226319597765
0.4                       4.1625651210094246
0.45                      4.1607585866649295
0.5                       4.158489434777034
0.55                      4.1511562155741695
0.6000000000000001        4.148703661935327
0.65                      4.1460184152409765
0.7000000000000001        4.143118086829309
0.75                      4.140022226315209
0.8                       4.1367727033507276
0.8500000000000001        4.133587125604576
0.9                       4.132132548767085
0.9500000000000001        4.1281964366442025
1                         4.125907607854597
1.05                      4.128003217959932
1.1                       4.129606819716337
1.1500000000000001        4.128377309342757
1.2000000000000002        4.1268810614151645
1.25                      4.125359516022381
1.3                       4.123847801360717
1.35                      4.12236106785411
1.4000000000000001        4.120910800801977
1.4500000000000002        4.119508101423893
1.5                       4.118164643063112
1.55                      4.116892948166549
1.6                       4.115706340198871
1.6500000000000001        4.166687306915577
1.7000000000000002        4.158675089995578
1.75                      4.151862284645782
1.8                       4.14627767103183
1.85                      4.190174787425509
1.9000000000000001        4.1929410442057975
1.9500000000000002        4.195000144672092
2                         4.195803207941498
2.0500000000000003        4.199607494764973
2.1                       4.1993961405878295
2.15                      4.199005037058748
2.2                       4.19845625886566
2.25                      4.197751231803407
2.3000000000000003        4.196890534100515
2.35                      4.195874337228382
2.4000000000000004        4.194702325953009
2.45                      4.193373497900849
2.5                       4.191885653809543
2.5500000000000003        4.190233645998774
2.6                       4.18840353429101
2.6500000000000004        4.195974079068587
2.7                       4.193700958869945
2.75                      4.19133724742698
2.8000000000000003        4.188926663468489
2.85                      4.186508152512876
2.9000000000000004        4.184103582129574
2.95                      4.18172784598153
3                         4.179875973584627
0                         4.181064875315428
0.05                      4.1849875449313565
0.1                       4.189603027411868
0.15000000000000002       4.194176640334504
0.2                       4.198737031005668
0.25                      4.203308033403979
0.30000000000000004       4.2078962424808894
0.35000000000000003       4.212537800034061
0.4                       4.163508309232211
0.45                      4.161095618701573
0.5                       4.158666912598279
0.55                      4.155713546263125
0.6000000000000001        4.152764733975295
0.65                      4.149663140433798
0.7000000000000001        4.146431446159776
0.75                      4.143086944868492
0.8                       4.139618328078193
0.8500000000000001        4.135981089320202
0.9                       4.134687559908907
0.9500000000000001        4.1326797870448395
1                         4.133456248914073
1.05                      4.132084463151144
1.1                       4.132754899046437
1.1500000000000001        4.136452174441885
1.2000000000000002        4.140488104459742
1.25                      4.144584721332125
1.3                       4.148691242938514
1.35                      4.152785212091155
1.4000000000000001        4.156851704417074
1.4500000000000002        4.160876420907217
1.5                       4.164831704935383
1.55                      4.168558704312983
1.6                       4.171185438957697
1.6500000000000001        4.167144277048423
1.7000000000000002        4.159740622491825
1.75                      4.153150980264175
1.8                       4.147693786192903
1.85                      4.191445182770032
1.9000000000000001        4.194858395277895
1.9500000000000002        4.1979838588611775
2                         4.199729182782189
2.0500000000000003        4.204835886267679
2.1                       4.204579487775123
2.15                      4.20414401349878
2.2                       4.2035307123626895
2.25                      4.202736479201161
2.3000000000000003        4.201757614221889
2.35                      4.200590283912433
2.4000000000000004        4.199231162210752
2.45                      4.197678438097901
2.5                       4.195933454245182
2.5500000000000003        4.1940036216508325
2.6                       4.191908537584608
2.6500000000000004        4.213345105337915
2.7                       4.208067795615759
2.75                      4.202881308330829
2.8000000000000003        4.197872749225214
2.85                      4.193109093257298
2.9000000000000004        4.1886101951647925
2.95                      4.184362867167217
3                         4.181064875315423
0                         4.207445339088634
0.05                      4.208109770379975
0.1                       4.209989406134099
0.15000000000000002       4.212809682462091
0.2                       4.216262202205111
0.25                      4.220089099434479
0.30000000000000004       4.224104814945991
0.35000000000000003       4.228185034117116
0.4                       4.1666120771385415
0.45                      4.164464979905955
0.5                       4.162171492049607
0.55                      4.156281365335947
0.6000000000000001        4.153628900489436
0.65                      4.150725951115449
0.7000000000000001        4.147602722871912
0.75                      4.144311994298138
0.8                       4.140951996868378
0.8500000000000001        4.137704910990977
0.9                       4.139843172618631
0.9500000000000001        4.136735752431276
1                         4.133807405314284
1.05                      4.135681086273613
1.1                       4.138189627093991
1.1500000000000001        4.141089889016364
1.2000000000000002        4.144242250320028
1.25                      4.147565054543323
1.3                       4.151006494093913
1.35                      4.154530131408962
1.4000000000000001        4.158107291820027
1.4500000000000002        4.1617123355967145
1.5                       4.165322059145453
1.55                      4.168976725943691
1.6                       4.172761049428586
1.6500000000000001        4.176531178684208
1.7000000000000002        4.180174682549349
1.75                      4.183677732086168
1.8                       4.187033346197467
1.85                      4.208684562834064
1.9000000000000001        4.20960222016016
1.9500000000000002        4.20662421393157
2                         4.204927966434668
2.0500000000000003        4.210375659353491
2.1                       4.210152810187449
2.15                      4.209734280694892
2.2                       4.20914576265857
2.25                      4.208385543761065
2.3000000000000003        4.2074514086003205
2.35                      4.206341025164763
2.4000000000000004        4.205052307667164
2.45                      4.203583941015728
2.5                       4.201936187920641
2.5500000000000003        4.200112148173569
2.6                       4.198119680389555
2.6500000000000004        4.220324618267257
2.7                       4.221262326300635
2.75                      4.217668354932184
2.8000000000000003        4.214401765281999
2.85                      4.211585393734886
2.9000000000000004        4.209373989236679
2.95                      4.2079431323956475
3                         4.20744533908865
0                         4.305526066271333
0.05                      4.305418654596691
0.1                       4.305096356388756
0.15000000000000002       4.304558983799106
0.2                       4.303806229707616
0.25                      4.302837677745876
0.30000000000000004       4.301652818746981
0.35000000000000003       4.251731124343077
0.4                       4.208814314687169
0.45                      4.213933905600456
0.5                       4.218766957190222
0.55                      4.159743417667245
0.6000000000000001        4.15719162383711
0.65                      4.154526316737329
0.7000000000000001        4.151756949507598
0.75                      4.148892772085885
0.8                       4.145943871901509
0.8500000000000001        4.1429228106787015
0.9                       4.196486569625237
0.9500000000000001        4.247163663367945
1                         4.2477684956111865
1.05                      4.247675575436748
1.1                       4.247240666695409
1.1500000000000001        4.246445436414421
1.2000000000000002        4.245282223946841
1.25                      4.24373372619133
1.3                       4.2416495578204385
1.35                      4.237293746565967
1.4000000000000001        4.224807944894598
1.4500000000000002        4.210884388123091
1.5                       4.19807653768874
1.55                      4.186435313731869
1.6                       4.175990897527068
1.6500000000000001        4.177683940183972
1.7000000000000002        4.180805844455619
1.75                      4.184344634730525
1.8                       4.187920538107126
1.85                      4.209293964545167
1.9000000000000001        4.2130835995857865
1.9500000000000002        4.2112255862433345
2                         4.210490006996299
2.0500000000000003        4.21315426658312
2.1                       4.262455625447553
2.15                      4.259952173962965
2.2                       4.256277455251237
2.25                      4.252256993074074
2.3000000000000003        4.2479899996564745
2.35                      4.24351192450788
2.4000000000000004        4.23884276329909
2.45                      4.233998992011863
2.5                       4.22899875442688
2.5500000000000003        4.223865592611652
2.6                       4.218632274480959
2.6500000000000004        4.220961361257622
2.7                       4.302622313069357
2.75                      4.303510268619194
2.8000000000000003        4.304236336490707
2.85                      4.304800764880983
2.9000000000000004        4.305203765720118
2.95                      4.305445499587287
3                         4.3055260662714225
0                         4.307498117561362
0.05                      4.307395777303752
0.1                       4.30708877917711
0.15000000000000002       4.306577197265886
0.2                       4.3058611763446075
0.25                      4.304940966810307
0.30000000000000004       4.3038169801420425
0.35000000000000003       4.251980738798136
0.4                       4.216390751734113
0.45                      4.2208611888251655
0.5                       4.225106034045314
0.55                      4.22331303315246
0.6000000000000001        4.22757068084476
0.65                      4.231534902661709
0.7000000000000001        4.2351950771538736
0.75                      4.238532186324534
0.8                       4.241514565225675
0.8500000000000001        4.2440936777760765
0.9                       4.246249470737441
0.9500000000000001        4.253413792611727
1                         4.254221143294328
1.05                      4.253986797213734
1.1                       4.253050843097638
1.1500000000000001        4.25150070772858
1.2000000000000002        4.2495376241017855
1.25                      4.247310515660743
1.3                       4.244886492890112
1.35                      4.239798463430617
1.4000000000000001        4.225470226438631
1.4500000000000002        4.212078324233668
1.5                       4.199569072957346
1.55                      4.188289392309
1.6                       4.1790645924530745
1.6500000000000001        4.2252377940122
1.7000000000000002        4.222201237659326
1.75                      4.219101506869892
1.8                       4.215951055984613
1.85                      4.212769289387108
1.9000000000000001        4.2680593770883775
1.9500000000000002        4.268131743731258
2                         4.268155888440953
2.0500000000000003        4.267266131207592
2.1                       4.266518107924754
2.15                      4.263670094324209
2.2                       4.2604256647898335
2.25                      4.25691712505741
2.3000000000000003        4.253214273560668
2.35                      4.24936144084661
2.4000000000000004        4.2453933965113535
2.45                      4.241342832690056
2.5                       4.2372444156715225
2.5500000000000003        4.233137341043807
2.6                       4.229067199194328
2.6500000000000004        4.225087627574908
2.7                       4.3047412551606525
2.75                      4.305583006981215
2.8000000000000003        4.306272157851351
2.85                      4.306808401068264
2.9000000000000004        4.307191543445124
2.95                      4.307421469284271
3                         4.307498117560952
0                         5.110724132421538
0.05                      4.987935855786528
0.1                       4.861777334716966
0.15000000000000002       4.736856430388875
0.2                       4.613274552106563
0.25                      4.491142906677346
0.30000000000000004       4.370583663730905
0.35000000000000003       4.252384851213078
0.4                       4.217385701474618
0.45                      4.222384143767688
0.5                       4.227292183793176
0.55                      4.22916764375811
0.6000000000000001        4.233043016658634
0.65                      4.236721192935512
0.7000000000000001        4.240189679731583
0.75                      4.243434391342201
0.8                       4.246436611540957
0.8500000000000001        4.249165068516413
0.9                       4.251554395019497
0.9500000000000001        4.260958520305525
1                         4.26309907242697
1.05                      4.262229572141158
1.1                       4.261807551672247
1.1500000000000001        4.261827671223932
1.2000000000000002        4.262044346697679
1.25                      4.261934045052389
1.3                       4.255072302051595
1.35                      4.242215613773707
1.4000000000000001        4.239178625965182
1.4500000000000002        4.236498048122047
1.5                       4.23383498497776
1.55                      4.231070332654594
1.6                       4.228199159113969
1.6500000000000001        4.226591387987194
1.7000000000000002        4.223799616878041
1.75                      4.220992385769775
1.8                       4.218207335874737
1.85                      4.21551931676602
1.9000000000000001        4.269543282066883
1.9500000000000002        4.269605386230763
2                         4.269626184980791
2.0500000000000003        4.2687000615112485
2.1                       4.279709616621664
2.15                      4.282339136230618
2.2                       4.284902471161008
2.25                      4.2873626257821895
2.3000000000000003        4.289688331161182
2.35                      4.291865149867109
2.4000000000000004        4.293885986351967
2.45                      4.295747233898864
2.5                       4.2974470772697675
2.5500000000000003        4.29898467206789
2.6                       4.300359715737757
2.6500000000000004        4.301572208510388
2.7                       4.348186974230826
2.75                      4.476046537066334
2.8000000000000003        4.603903113435795
2.85                      4.731756479427969
2.9000000000000004        4.859606359231995
2.95                      4.987452310330951
3                         5.110724132421628
0                         5.11414583328338
0.05                      4.988084714987128
0.1                       4.861941737721186
0.15000000000000002       4.737036888081946
0.2                       4.613471556507771
0.25                      4.491356952420464
0.30000000000000004       4.370815246877714
0.35000000000000003       4.252581778057279
0.4                       4.232248519800537
0.45                      4.236242067368764
0.5                       4.24013018755247
0.55                      4.232016026874549
0.6000000000000001        4.236520696667642
0.65                      4.240788885324876
0.7000000000000001        4.24481101317406
0.75                      4.248581640278792
0.8                       4.25209766254777
0.8500000000000001        4.25535753173035
0.9                       4.258367071792002
0.9500000000000001        4.265900197208277
1                         4.264115416777657
1.05                      4.265031486181638
1.1                       4.265845794053351
1.1500000000000001        4.266321536848076
1.2000000000000002        4.266404264241331
1.25                      4.26603774250249
1.3                       4.258118471902262
1.35                      4.245066151977136
1.4000000000000001        4.240260602874486
1.4500000000000002        4.2374718497932085
1.5                       4.234772783369949
1.55                      4.232073498966273
1.6                       4.229350199978616
1.6500000000000001        4.266987967818324
1.7000000000000002        4.267294404036411
1.75                      4.267555811027853
1.8                       4.267770950617307
1.85                      4.26793899227229
1.9000000000000001        4.276242511199626
1.9500000000000002        4.276329107034923
2                         4.276357979355569
2.0500000000000003        4.277484089422225
2.1                       4.284129833478139
2.15                      4.286203395756492
2.2                       4.288395446794765
2.25                      4.290574262444148
2.3000000000000003        4.292676766851003
2.35                      4.29467099681465
2.4000000000000004        4.296539457701677
2.45                      4.298271961052088
2.5                       4.299862288333479
2.5500000000000003        4.3013065129007275
2.6                       4.30260209702802
2.6500000000000004        4.303747377066311
2.7                       4.3488443497154154
2.75                      4.47672436493738
2.8000000000000003        4.604600910694455
2.85                      4.7324730330230524
2.9000000000000004        4.860338220533087
2.95                      4.988184679441129
3                         5.114145833283503
0                         5.114785507409416
0.05                      4.988681057136112
0.1                       4.862532570568561
0.15000000000000002       4.737597309296996
0.2                       4.61399543209585
0.25                      4.491841882453221
0.30000000000000004       4.371260077526854
0.35000000000000003       4.300251076720344
0.4                       4.29863184959777
0.45                      4.29679457376308
0.5                       4.294738828366006
0.55                      4.243888490734548
0.6000000000000001        4.247499498909053
0.65                      4.250949916500739
0.7000000000000001        4.254228649211325
0.75                      4.2573248486293265
0.8                       4.260224443851314
0.8500000000000001        4.262898502119809
0.9                       4.265229057538733
0.9500000000000001        4.26908249835727
1                         4.27020877560031
1.05                      4.269350944586233
1.1                       4.268797139740939
1.1500000000000001        4.268711504861531
1.2000000000000002        4.269065044114517
1.25                      4.269233298314194
1.3                       4.264853781565564
1.35                      4.26455750177646
1.4000000000000001        4.264927051989936
1.4500000000000002        4.265375827670546
1.5                       4.265824466540619
1.55                      4.266248787695988
1.6                       4.26663840434328
1.6500000000000001        4.268670635883283
1.7000000000000002        4.268910424889364
1.75                      4.269121516744263
1.8                       4.269299396676812
1.85                      4.26944076556936
1.9000000000000001        4.281713691866788
1.9500000000000002        4.281792395600497
2                         4.281818637324569
2.0500000000000003        4.282491031764602
2.1                       4.292758021070326
2.15                      4.37180070862057
2.2                       4.453730796962143
2.25                      4.474396536014795
2.3000000000000003        4.494462522651453
2.35                      4.5180618675783855
2.4000000000000004        4.54513947617621
2.45                      4.575633529083239
2.5                       4.609476139105778
2.5500000000000003        4.646594040119068
2.6                       4.686909291978544
2.6500000000000004        4.730339985020131
2.7                       4.776800925829749
2.75                      4.826204278758961
2.8000000000000003        4.878460111104873
2.85                      4.933476678821967
2.9000000000000004        4.991159673014481
2.95                      5.051403520621865
3                         5.114785507409526
0                         5.114852590078632
0.05                      4.988758885618634
0.1                       4.862611499760587
0.15000000000000002       4.737694299257611
0.2                       4.614115043320371
0.25                      4.4919861761408395
0.30000000000000004       4.371430264967387
0.35000000000000003       4.3024898729851175
0.4                       4.300960672982088
0.45                      4.299230967629267
0.5                       4.297303191206876
0.55                      4.292464509164281
0.6000000000000001        4.28997213048072
0.65                      4.287263379329473
0.7000000000000001        4.284342209631049
0.75                      4.28121723126978
0.8                       4.27790774766477
0.8500000000000001        4.274463129500831
0.9                       4.271062912338394
0.9500000000000001        4.272914161810847
1                         4.271376178813901
1.05                      4.272304820165954
1.1                       4.273207055914135
1.1500000000000001        4.274042265485508
1.2000000000000002        4.274716465731354
1.25                      4.273267676707634
1.3                       4.267434704113828
1.35                      4.267215124789978
1.4000000000000001        4.267355357205456
1.4500000000000002        4.267584736866185
1.5                       4.267851710027669
1.55                      4.268131522955953
1.6                       4.268408253426793
1.6500000000000001        4.274948260733965
1.7000000000000002        4.275321059592024
1.75                      4.275637282015875
1.8                       4.27589644705061
1.85                      4.276098253097218
1.9000000000000001        4.282506274056652
1.9500000000000002        4.356327044735851
2                         4.42845358569173
2.0500000000000003        4.430300459659762
2.1                       4.435836463052429
2.15                      4.445047800261791
2.2                       4.457911668367154
2.25                      4.4759839228635
2.3000000000000003        4.496030588597197
2.35                      4.5196073776574215
2.4000000000000004        4.5466593274667115
2.45                      4.577124766867182
2.5                       4.6109359725774715
2.5500000000000003        4.648019858835878
2.6                       4.688298685377368
2.6500000000000004        4.731690769658117
2.7                       4.77811119036773
2.75                      4.827472470560016
2.8000000000000003        4.879685229755554
2.85                      4.934658793477437
2.9000000000000004        4.9923017357899315
2.95                      5.052522185490121
3                         5.114852590078637
0                         5.115170865439508
0.05                      5.11649912473869
0.1                       5.122887207560129
0.15000000000000002       5.133518751253919
0.2                       5.148366251179257
0.25                      5.167393181266266
0.30000000000000004       5.190553458120953
0.35000000000000003       5.217791921946683
0.4                       5.200345474702196
0.45                      5.11523234739815
0.5                       5.032649717911627
0.55                      4.295181068896644
0.6000000000000001        4.292870320732548
0.65                      4.2903798096625625
0.7000000000000001        4.287723477309742
0.75                      4.284923738096359
0.8                       4.2820177379128195
0.8500000000000001        4.279070036048874
0.9                       4.276210465779388
0.9500000000000001        4.287429672382561
1                         4.3786919286762025
1.05                      4.35578994825364
1.1                       4.333940311161334
1.1500000000000001        4.313233160705177
1.2000000000000002        4.293836847493298
1.25                      4.277337003327014
1.3                       4.271244433037687
1.35                      4.271674723230027
1.4000000000000001        4.2722990799305895
1.4500000000000002        4.272918712871818
1.5                       4.273501405503256
1.55                      4.274036596707404
1.6                       4.274519667132352
1.6500000000000001        4.280537332213601
1.7000000000000002        4.280876260209523
1.75                      4.281163665660704
1.8                       4.281399189608248
1.85                      4.281582587165547
1.9000000000000001        4.283121700973495
1.9500000000000002        4.356936149780751
2                         4.4300857070546185
2.0500000000000003        4.431930768956379
2.1                       4.437461348293722
2.15                      4.446663683194214
2.2                       4.459515026322877
2.25                      4.476107358282995
2.3000000000000003        4.49615444409582
2.35                      4.519731685335702
2.4000000000000004        4.546784098721837
2.45                      4.577249990131939
2.5                       4.611061611306223
2.5500000000000003        4.648145849704831
2.6                       4.6884249366690645
2.6500000000000004        4.731817159823878
2.7                       4.778237566828498
2.75                      4.82759864898468
2.8000000000000003        4.879810994573045
2.85                      4.934783902214991
2.9000000000000004        4.992425938813081
2.95                      5.052645352927395
3                         5.115170865439597
0                         5.1155994660267705
0.05                      5.117020335802962
0.1                       5.123406331661701
0.15000000000000002       5.134031974027762
0.2                       5.148870954451118
0.25                      5.167886902304976
0.30000000000000004       5.191033811253746
0.35000000000000003       5.21825658242947
0.4                       5.200422236037892
0.45                      5.115312846748363
0.5                       5.032755498402723
0.55                      4.952743025569624
0.6000000000000001        4.87565922730564
0.65                      4.801546741287297
0.7000000000000001        4.730556054221782
0.75                      4.66283960061511
0.8                       4.598551274490134
0.8500000000000001        4.537845816754771
0.9                       4.480878324062357
0.9500000000000001        4.427804499953112
1                         4.378850348527976
1.05                      4.3568030064512815
1.1                       4.3350200385935995
1.1500000000000001        4.314364557304334
1.2000000000000002        4.2949367610521945
1.25                      4.278220683348753
1.3                       4.276973931711617
1.35                      4.277512215863614
1.4000000000000001        4.2781093268488215
1.4500000000000002        4.278683931249888
1.5                       4.279218635147579
1.55                      4.279707374433724
1.6                       4.280147420598616
1.6500000000000001        4.946854127509459
1.7000000000000002        4.873042603357101
1.75                      4.79922969575221
1.8                       4.7254154837694795
1.85                      4.651600038179999
1.9000000000000001        4.577783423379923
1.9500000000000002        4.503965702696295
2                         4.430208055742903
2.0500000000000003        4.432053164722181
2.1                       4.437583883460111
2.15                      4.446786444629164
2.2                       4.459638091934832
2.25                      4.479022272873697
2.3000000000000003        4.499056966594629
2.35                      4.5226197947751805
2.4000000000000004        4.549655881170227
2.45                      4.580103648542488
2.5                       4.613895472688332
2.5500000000000003        4.650958369146438
2.6                       4.691214697388767
2.6500000000000004        4.734582867603226
2.7                       4.780978035163666
2.75                      4.830312765986287
2.8000000000000003        4.882497646649335
2.85                      4.937441770879484
2.9000000000000004        4.995052793534165
2.95                      5.055233823395484
3                         5.115599466026808
0                         5.1156494950029945
0.05                      5.117767031178637
0.1                       5.12415184634473
0.15000000000000002       5.1347754984396135
0.2                       5.149611724866157
0.25                      5.168624160328523
0.30000000000000004       5.191766819058787
0.35000000000000003       5.2189846256214345
0.4                       5.249044953640338
0.45                      5.2842411497116535
0.5                       5.323302127969688
0.55                      4.952887116463164
0.6000000000000001        4.875849849780461
0.65                      4.801790618977485
0.7000000000000001        4.73085969659471
0.75                      4.663209755322796
0.8                       4.59899509059413
0.8500000000000001        4.538370926875665
0.9                       4.481492982619785
0.9500000000000001        4.428518193021693
1                         4.380066026873616
1.05                      4.426426073465044
1.1                       4.474302394845984
1.1500000000000001        4.522803053440657
1.2000000000000002        4.571900882322888
1.25                      4.6215728426577485
1.3                       4.671797703815541
1.35                      4.7225553534433296
1.4000000000000001        4.773826507135528
1.4500000000000002        4.825592559655103
1.5                       4.877835494039398
1.55                      4.930537814479378
1.6                       4.983682485008118
1.6500000000000001        4.9476024920083645
1.7000000000000002        4.873778589003058
1.75                      4.799953791218911
1.8                       4.726128439299238
1.85                      4.65230322118171
1.9000000000000001        4.578480063057791
1.9500000000000002        4.504668353784235
2                         4.43315182977506
2.0500000000000003        4.434995765028934
2.1                       4.440522973091914
2.15                      4.44971971538472
2.2                       4.462563282809531
2.25                      4.537625838633143
2.3000000000000003        4.623307452797974
2.35                      4.71065347662024
2.4000000000000004        4.7995579859380655
2.45                      4.8899235237755825
2.5                       4.981658647594839
2.5500000000000003        5.0746768119433305
2.6                       5.168895652323097
2.6500000000000004        5.264236364161201
2.7                       5.360623005956939
2.75                      5.457981491351293
2.8000000000000003        5.388358286124495
2.85                      5.31654508252767
2.9000000000000004        5.246869862885988
2.95                      5.179433325181787
3                         5.115649495003057
